Q1

R = [[ 0.9911399   0.0070147   0.13263666]
     [ 0.07164919  0.81261372 -0.57838165]
     [ 0.11183955 -0.58276044 -0.80491129]]


t = [[0.00776694]
     [0.17500001]
     [0.9845378 ]]


R3 = [[-0.88788122 -0.01335789 -0.45987879]
      [-0.02749948 -0.99625036  0.08203049]
      [ 0.45925016 -0.08547976 -0.88418465]]

t3 = [[3.19661411e-04]
     [-5.70851598e-05]
     [-6.26917993e-05]]


R4 = [[-0.73344252 -0.03694597 -0.67874669]
      [-0.02805897 -0.99602525  0.08453635]
      [ 0.67917212 -0.08104749 -0.7294906 ]]

t4 = [[3.58154089e-04]
      -4.67222044e-05]
      -1.12998867e-04]]